+094.705669 +31.585788 +093.057940 +31.908916 111.534591058687
+095.281594 +31.536866 +093.057940 +31.908916 393.050091491677
+093.907381 +29.808330 +095.472339 +29.909005 50.7188995424070
+093.514928 +29.897274 +093.057940 +31.908916 130.657156620716
+093.514928 +29.897274 +093.792224 +31.837849 128.628114756194
+093.514928 +29.897274 +095.281594 +31.536866 218.465261242370
+092.621343 +29.874603 +093.700047 +31.480995 362.458864282774
+092.148951 +29.706850 +093.792224 +31.837849 340.105731789427
+094.578872 +29.488383 +092.965008 +30.023499 150.409546086117
+094.135585 +31.906747 +092.858778 +30.752545 179.628686004970
+095.281594 +31.536866 +092.540329 +30.999138 479.053604469473
+095.281594 +31.536866 +093.057940 +31.908916 228.877606090086
+096.690945 +30.008611 +095.281594 +31.536866 171.868811289010
+092.148951 +29.706850 +093.700047 +31.480995 207.986699468680
+092.148951 +29.706850 +093.907381 +29.808330 265.266734784029
+092.226280 +29.040613 +092.858778 +30.752545 80.5789245036507
+093.781818 +29.116721 +093.057940 +31.908916 518.003109609068
+093.781818 +29.116721 +092.226280 +29.040613 428.580640227650
+094.258111 +29.246466 +093.057940 +31.908916 534.909734624715
+094.578872 +29.488383 +092.540329 +30.999138 96.9312490319363
+094.578872 +29.488383 +092.858778 +30.752545 64.3857406174949
+094.578872 +29.488383 +094.705669 +31.585788 69.7213331829730
+094.578872 +29.488383 +092.148951 +29.706850 51.6064349816186
+094.578872 +29.488383 +091.759148 +29.190276 57.7170955019306
+095.281594 +31.536866 +092.089824 +31.257604 137.706708700455
+095.281594 +31.536866 +092.540329 +30.999138 108.859123604417
+095.281594 +31.536866 +092.858778 +30.752545 51.9932899486631
+095.281594 +31.536866 +092.401614 +31.678608 116.466484269689
+096.498329 +31.192585 +093.700047 +31.480995 139.900763800881
+097.018098 +31.183259 +094.705669 +31.585788 58.8249950370892
+095.711105 +30.813386 +092.540329 +30.999138 223.301266851344
+095.711105 +30.813386 +093.700047 +31.480995 151.961844850146
+096.103529 +30.729480 +093.250395 +30.645838 193.900860392524
+096.103529 +30.729480 +094.135585 +31.906747 499.107288029669
+097.186415 +29.318001 +097.547941 +31.271446 276.910284008359
+096.755735 +29.506282 +095.281594 +31.536866 207.275952829144
+096.101903 +29.758310 +097.018098 +31.183259 212.805326826636
+095.699937 +29.772728 +097.018098 +31.183259 287.409248966710
+095.472339 +29.909005 +093.836307 +31.284197 280.665108567263
+095.472339 +29.909005 +095.281594 +31.536866 112.839854597710
+095.472339 +29.909005 +097.018098 +31.183259 157.140503944747
+095.472339 +29.909005 +097.547941 +31.271446 220.115043219883
+095.472339 +29.909005 +097.136693 +30.502244 161.537577958400
+095.472339 +29.909005 +097.511426 +29.957661 419.614237823122
+093.907381 +29.808330 +096.498329 +31.192585 334.284450423061
+093.907381 +29.808330 +097.018098 +31.183259 250.012087436937
+093.907381 +29.808330 +095.711105 +30.813386 380.050330018586
+093.907381 +29.808330 +097.136693 +30.502244 279.414754753584
+093.514928 +29.897274 +097.018098 +31.183259 495.246829132557
+091.759148 +29.190276 +093.250395 +30.645838 267.520107291046
+091.759148 +29.190276 +096.103529 +30.729480 357.597293060155
+091.759148 +29.190276 +095.699937 +29.772728 361.519272859634
+091.759148 +29.190276 +093.514928 +29.897274 242.215579323460
+092.226280 +29.040613 +092.089824 +31.257604 421.232160950040
+092.226280 +29.040613 +092.858778 +30.752545 311.728020363415
+092.226280 +29.040613 +093.836307 +31.284197 253.819969056671
+092.226280 +29.040613 +095.281594 +31.536866 180.992224566719
+092.226280 +29.040613 +096.498329 +31.192585 388.876018336663
+092.226280 +29.040613 +095.711105 +30.813386 389.278186148700
+092.226280 +29.040613 +096.103529 +30.729480 348.425300541061
+092.226280 +29.040613 +096.101903 +29.758310 475.701044877013
+093.781818 +29.116721 +093.836307 +31.284197 263.368373602904
+093.781818 +29.116721 +095.281594 +31.536866 162.512088627266
+093.781818 +29.116721 +097.018098 +31.183259 236.519901060759
+093.781818 +29.116721 +097.547941 +31.271446 289.280562204852
+093.781818 +29.116721 +095.711105 +30.813386 274.194876459956
+093.781818 +29.116721 +097.186415 +29.318001 434.411070444876
+093.781818 +29.116721 +096.755735 +29.506282 304.100327283436
+094.258111 +29.246466 +097.018098 +31.183259 306.502315333882
+094.258111 +29.246466 +096.103529 +30.729480 379.612268986808
+096.498329 +31.192585 +093.836307 +31.284197 271.094711525472
+097.018098 +31.183259 +093.836307 +31.284197 327.422255175154
+097.547941 +31.271446 +094.135585 +31.906747 215.729385623428
+097.547941 +31.271446 +094.705669 +31.585788 189.938154218519
+096.103529 +30.729480 +093.836307 +31.284197 268.041144185181
+096.103529 +30.729480 +094.135585 +31.906747 258.763967400921
+096.338372 +30.909866 +093.836307 +31.284197 244.695789803631
+097.136693 +30.502244 +093.836307 +31.284197 284.670000401919
+097.895579 +29.641275 +096.103529 +30.729480 128.092237286511
+098.426934 +29.720207 +095.900869 +31.254363 148.909554293815
+098.426934 +29.720207 +096.498329 +31.192585 81.8176655938479
+098.426934 +29.720207 +097.136693 +30.502244 39.4954959675343
+096.690945 +30.008611 +093.836307 +31.284197 392.801227861501
+096.690945 +30.008611 +094.705669 +31.585788 225.791512944366
+096.690945 +30.008611 +098.426934 +29.720207 254.290766892528
+097.186415 +29.318001 +094.705669 +31.585788 303.717177146395
+097.186415 +29.318001 +096.498329 +31.192585 283.655780102675
+096.755735 +29.506282 +093.836307 +31.284197 371.721263896869
+096.101903 +29.758310 +093.836307 +31.284197 335.291861803909
+096.101903 +29.758310 +098.426934 +29.720207 238.596318292341
+095.699937 +29.772728 +097.261002 +30.690701 300.494623169302
+095.699937 +29.772728 +097.895579 +29.641275 287.907348827466
+095.472339 +29.909005 +093.836307 +31.284197 213.999007494328
+095.472339 +29.909005 +098.426934 +29.720207 282.308575700763
+094.780255 +29.960592 +097.511426 +29.957661 189.176352921551
+093.907381 +29.808330 +093.057940 +31.908916 142.132201089390
+093.907381 +29.808330 +094.135585 +31.906747 112.828113906196
+093.907381 +29.808330 +094.705669 +31.585788 47.4927684395989
+093.907381 +29.808330 +097.018098 +31.183259 230.610328646274
+093.907381 +29.808330 +096.103529 +30.729480 177.568044765433
+093.907381 +29.808330 +096.338372 +30.909866 114.861410350215
+093.907381 +29.808330 +096.755735 +29.506282 151.504169240119
+093.514928 +29.897274 +096.103529 +30.729480 207.069580131078
+092.965008 +30.023499 +093.057940 +31.908916 128.016649832485
+092.965008 +30.023499 +094.135585 +31.906747 165.580087784577
+092.965008 +30.023499 +095.699937 +29.772728 214.583434606376
+092.621343 +29.874603 +093.836307 +31.284197 281.579672015032
+092.621343 +29.874603 +094.135585 +31.906747 204.517860715266
+092.621343 +29.874603 +094.705669 +31.585788 209.599265995190
+092.148951 +29.706850 +094.705669 +31.585788 265.588899540929
+091.759148 +29.190276 +094.135585 +31.906747 201.258196432875
+093.781818 +29.116721 +092.540329 +30.999138 165.659534423512
+093.781818 +29.116721 +093.250395 +30.645838 80.2858675817602
+093.781818 +29.116721 +094.705669 +31.585788 86.6311074565124
+093.781818 +29.116721 +095.281594 +31.536866 90.5353663742062
+093.781818 +29.116721 +096.498329 +31.192585 151.424686663641
+093.781818 +29.116721 +096.103529 +30.729480 142.269887543471
+093.781818 +29.116721 +096.101903 +29.758310 119.997953546876
+093.781818 +29.116721 +095.472339 +29.909005 61.7663855675293
+094.578872 +29.488383 +092.540329 +30.999138 173.913804083762
+094.578872 +29.488383 +093.792224 +31.837849 160.007762703462
+094.578872 +29.488383 +094.135585 +31.906747 102.790232144858
+094.578872 +29.488383 +094.705669 +31.585788 89.9410881746103
+094.578872 +29.488383 +095.281594 +31.536866 152.598766243937
+094.578872 +29.488383 +096.498329 +31.192585 119.490279696593
+094.578872 +29.488383 +096.338372 +30.909866 94.9041005562276
+094.578872 +29.488383 +097.186415 +29.318001 162.471425767599
+094.578872 +29.488383 +096.101903 +29.758310 81.5593467034085
+094.578872 +29.488383 +092.621343 +29.874603 113.367680243974
+094.705669 +31.585788 +093.250395 +30.645838 51.6439542927598
+094.705669 +31.585788 +092.401614 +31.678608 109.162767044327
+096.498329 +31.192585 +092.540329 +30.999138 88.8659651107005
+096.498329 +31.192585 +093.250395 +30.645838 61.4105162235000
+096.498329 +31.192585 +092.401614 +31.678608 115.794306690720
+096.498329 +31.192585 +093.792224 +31.837849 43.1809869366718
+097.018098 +31.183259 +093.250395 +30.645838 63.0698774393922
+097.018098 +31.183259 +093.792224 +31.837849 48.8001410053538
+097.547941 +31.271446 +092.540329 +30.999138 148.776182921325
+097.962426 +31.301320 +092.540329 +30.999138 168.969855394745
+096.103529 +30.729480 +092.540329 +30.999138 188.118120827801
+096.338372 +30.909866 +092.540329 +30.999138 118.349438557081
+096.101903 +29.758310 +096.498329 +31.192585 140.171139403761
+096.101903 +29.758310 +097.547941 +31.271446 209.177690989881
+096.101903 +29.758310 +097.962426 +31.301320 236.219625871273
+096.101903 +29.758310 +097.895579 +29.641275 211.005479528520
+095.472339 +29.909005 +094.705669 +31.585788 142.579423153336
+095.472339 +29.909005 +096.498329 +31.192585 119.300177733369
+095.472339 +29.909005 +097.018098 +31.183259 132.669507788351
+095.472339 +29.909005 +097.547941 +31.271446 179.797736424371
+095.472339 +29.909005 +097.962426 +31.301320 196.301739667712
+095.472339 +29.909005 +097.303341 +30.120424 165.012882711687
+095.472339 +29.909005 +097.895579 +29.641275 197.104786875885
+092.621343 +29.874603 +093.057940 +31.908916 279.511400902321
+092.621343 +29.874603 +094.705669 +31.585788 290.284514784525
+092.621343 +29.874603 +096.498329 +31.192585 272.181744806000
+093.781818 +29.116721 +094.705669 +31.585788 228.548602500026
+093.781818 +29.116721 +096.498329 +31.192585 247.372723701682
+093.781818 +29.116721 +097.018098 +31.183259 256.047153442169
+093.781818 +29.116721 +097.547941 +31.271446 321.792744587497
+093.781818 +29.116721 +097.962426 +31.301320 329.294114361969
+093.781818 +29.116721 +096.338372 +30.909866 251.771790458027
+093.781818 +29.116721 +097.303341 +30.120424 447.195665589651
+093.781818 +29.116721 +097.895579 +29.641275 397.153289414477
+093.781818 +29.116721 +095.472339 +29.909005 282.456348862863
+094.258111 +29.246466 +094.705669 +31.585788 386.078762578096
+094.258111 +29.246466 +096.498329 +31.192585 167.062327210667
+094.258111 +29.246466 +097.018098 +31.183259 172.886573292528
+094.258111 +29.246466 +097.547941 +31.271446 234.844453322177
+094.258111 +29.246466 +097.962426 +31.301320 242.142845222545
+094.258111 +29.246466 +096.103529 +30.729480 239.433826942475
+094.258111 +29.246466 +096.338372 +30.909866 171.647083093316
+094.258111 +29.246466 +097.303341 +30.120424 372.162805520492
+094.258111 +29.246466 +097.895579 +29.641275 261.617130407887
+094.258111 +29.246466 +096.690945 +30.008611 209.288843074406
+094.578872 +29.488383 +093.250395 +30.645838 86.6576089763111
+094.578872 +29.488383 +094.705669 +31.585788 255.181074506077
+094.578872 +29.488383 +096.498329 +31.192585 196.533414916623
+094.578872 +29.488383 +097.018098 +31.183259 211.149198989176
+094.578872 +29.488383 +097.547941 +31.271446 287.184929704432
+094.578872 +29.488383 +097.303341 +30.120424 403.105751314953
+094.578872 +29.488383 +097.895579 +29.641275 375.489570952521
+094.135585 +31.906747 +092.089824 +31.257604 243.821454046795
+094.135585 +31.906747 +092.401614 +31.678608 196.924736897723
+095.281594 +31.536866 +093.250395 +30.645838 139.679385808536
+095.900869 +31.254363 +093.250395 +30.645838 51.2744240484344
+095.900869 +31.254363 +092.401614 +31.678608 218.621285569969
+095.900869 +31.254363 +093.057940 +31.908916 95.9313133624706
+095.900869 +31.254363 +094.135585 +31.906747 23.3246547757581
+097.018098 +31.183259 +093.836307 +31.284197 250.048017770812
+097.018098 +31.183259 +093.792224 +31.837849 314.919995845247
+095.711105 +30.813386 +093.250395 +30.645838 65.8488371590844
+095.711105 +30.813386 +093.700047 +31.480995 76.3806426396491
+095.711105 +30.813386 +094.135585 +31.906747 61.9131226521520
+096.103529 +30.729480 +093.250395 +30.645838 52.6409284430178
+096.103529 +30.729480 +093.700047 +31.480995 58.3058046690354
+096.103529 +30.729480 +093.057940 +31.908916 116.612452230075
+096.103529 +30.729480 +093.792224 +31.837849 106.405943299247
+096.103529 +30.729480 +094.135585 +31.906747 50.6622532249907
+096.103529 +30.729480 +094.705669 +31.585788 35.5446403039459
+096.338372 +30.909866 +093.250395 +30.645838 201.666498471195
+096.338372 +30.909866 +093.836307 +31.284197 296.426633996455
+097.261002 +30.690701 +093.792224 +31.837849 364.742096703781
+098.426934 +29.720207 +097.018098 +31.183259 155.014637011153
+096.690945 +30.008611 +094.135585 +31.906747 136.457462940935
+096.690945 +30.008611 +095.281594 +31.536866 151.303364614608
+097.186415 +29.318001 +095.900869 +31.254363 347.866558336915
+097.186415 +29.318001 +095.711105 +30.813386 252.157178387053
+097.186415 +29.318001 +096.103529 +30.729480 132.607525568091
+096.101903 +29.758310 +093.250395 +30.645838 84.7242241409775
+096.101903 +29.758310 +093.700047 +31.480995 168.016836753614
+096.101903 +29.758310 +094.135585 +31.906747 101.379792201696
+096.101903 +29.758310 +095.281594 +31.536866 111.483271940088
+096.101903 +29.758310 +097.261002 +30.690701 52.4745377952784
+095.699937 +29.772728 +093.792224 +31.837849 458.222245373752
+095.699937 +29.772728 +095.900869 +31.254363 152.746691378667
+095.472339 +29.909005 +093.250395 +30.645838 52.0683775974321
+095.472339 +29.909005 +094.135585 +31.906747 59.7523155465965
+095.472339 +29.909005 +095.281594 +31.536866 58.7059248274979
+095.472339 +29.909005 +097.303341 +30.120424 96.3891651472378
+094.780255 +29.960592 +093.250395 +30.645838 41.3116700777214
+094.780255 +29.960592 +094.135585 +31.906747 77.4579866718588
+094.780255 +29.960592 +095.281594 +31.536866 222.176209001736
+094.780255 +29.960592 +097.261002 +30.690701 88.5610620755965
+094.780255 +29.960592 +097.186415 +29.318001 196.541219321155
+093.907381 +29.808330 +092.089824 +31.257604 68.4321468625706
+093.907381 +29.808330 +092.401614 +31.678608 62.1189118415981
+093.907381 +29.808330 +093.700047 +31.480995 56.8236355390759
+093.907381 +29.808330 +093.057940 +31.908916 74.2322907822329
+093.907381 +29.808330 +095.281594 +31.536866 45.3223996680718
+093.907381 +29.808330 +097.018098 +31.183259 58.1549879698193
+093.907381 +29.808330 +096.690945 +30.008611 102.686329913060
+093.907381 +29.808330 +096.755735 +29.506282 108.487202335878
+093.907381 +29.808330 +096.101903 +29.758310 129.809699764265
+093.907381 +29.808330 +095.699937 +29.772728 37.1200135012408
+092.621343 +29.874603 +093.700047 +31.480995 156.059714031949
+092.148951 +29.706850 +094.705669 +31.585788 157.433761271459
+091.759148 +29.190276 +093.250395 +30.645838 130.313022295732
+091.759148 +29.190276 +094.135585 +31.906747 174.446321442714
+092.226280 +29.040613 +093.250395 +30.645838 54.1896933928602
+092.226280 +29.040613 +094.135585 +31.906747 182.293549539469
+093.781818 +29.116721 +093.250395 +30.645838 46.5340135536631
+093.781818 +29.116721 +093.700047 +31.480995 107.111818875948
+093.781818 +29.116721 +094.135585 +31.906747 105.608065003854
+093.781818 +29.116721 +094.705669 +31.585788 94.4550695580214
+093.781818 +29.116721 +096.338372 +30.909866 121.997554249249
+094.258111 +29.246466 +093.250395 +30.645838 52.6876202067900
+094.258111 +29.246466 +094.135585 +31.906747 86.0723822237953
+094.258111 +29.246466 +097.018098 +31.183259 118.358953013864
+094.258111 +29.246466 +097.261002 +30.690701 89.5671140154748
+094.258111 +29.246466 +091.759148 +29.190276 218.465475807891
+094.578872 +29.488383 +093.250395 +30.645838 60.1146514284297
+094.578872 +29.488383 +093.700047 +31.480995 153.012084422669
+094.578872 +29.488383 +097.261002 +30.690701 103.083742792009
+094.578872 +29.488383 +097.303341 +30.120424 184.237197409113
+094.578872 +29.488383 +097.186415 +29.318001 123.268291476285
+094.135585 +31.906747 +093.250395 +30.645838 62.0644084778425
+094.135585 +31.906747 +092.401614 +31.678608 60.7286424425188
+094.705669 +31.585788 +093.250395 +30.645838 70.1436883499037
+096.101903 +29.758310 +097.018098 +31.183259 221.627144248760
+096.101903 +29.758310 +097.962426 +31.301320 239.543784725872
+095.699937 +29.772728 +094.705669 +31.585788 170.111882849874
+095.699937 +29.772728 +095.900869 +31.254363 171.373136071420
+095.699937 +29.772728 +096.498329 +31.192585 163.892509116457
+095.699937 +29.772728 +097.018098 +31.183259 176.605575654288
+092.965008 +30.023499 +093.057940 +31.908916 430.639337439053
+092.965008 +30.023499 +094.135585 +31.906747 183.359610938233
+092.965008 +30.023499 +094.705669 +31.585788 212.697428671060
+092.621343 +29.874603 +093.792224 +31.837849 377.519655653316
+092.621343 +29.874603 +094.135585 +31.906747 232.457017060626
+092.621343 +29.874603 +094.705669 +31.585788 254.659844667733
+094.258111 +29.246466 +093.792224 +31.837849 391.715660336638
+094.578872 +29.488383 +094.135585 +31.906747 344.736965593215
+094.578872 +29.488383 +094.705669 +31.585788 299.379347426922
+094.578872 +29.488383 +092.965008 +30.023499 141.727183092155
+097.186415 +29.318001 +095.281594 +31.536866 247.202729633093
+095.699937 +29.772728 +094.705669 +31.585788 252.811140394180
+095.699937 +29.772728 +095.281594 +31.536866 235.913378561246
+093.514928 +29.897274 +093.057940 +31.908916 237.880959155401
+093.514928 +29.897274 +094.705669 +31.585788 189.203092311447
+093.514928 +29.897274 +095.281594 +31.536866 218.387035721801
+094.258111 +29.246466 +093.057940 +31.908916 206.978125077256
+094.258111 +29.246466 +094.705669 +31.585788 169.118852185843
+094.258111 +29.246466 +095.281594 +31.536866 190.937603108826
+094.258111 +29.246466 +095.900869 +31.254363 166.372888651490
+094.258111 +29.246466 +095.699937 +29.772728 125.846944497617
+094.578872 +29.488383 +094.705669 +31.585788 186.685573490628
+094.578872 +29.488383 +095.281594 +31.536866 215.296323860852
+094.578872 +29.488383 +095.900869 +31.254363 181.727812038429
+098.426934 +29.720207 +097.962426 +31.301320 359.107099373299
+097.303341 +30.120424 +095.900869 +31.254363 223.181829787877
+097.186415 +29.318001 +095.900869 +31.254363 185.597551952485
+097.186415 +29.318001 +096.103529 +30.729480 116.370473343220
+094.780255 +29.960592 +095.900869 +31.254363 145.323691822691
+094.780255 +29.960592 +096.103529 +30.729480 96.4658004109025
+093.514928 +29.897274 +092.089824 +31.257604 308.112085662443
+093.514928 +29.897274 +095.900869 +31.254363 264.719566411978
+094.578872 +29.488383 +093.250395 +30.645838 75.8890255404662
+094.578872 +29.488383 +096.498329 +31.192585 157.434391008204
+097.261002 +30.690701 +095.281594 +31.536866 69.8359585942247
+096.690945 +30.008611 +094.705669 +31.585788 271.045297170702
+094.780255 +29.960592 +095.281594 +31.536866 36.9235772524091
+094.780255 +29.960592 +096.690945 +30.008611 69.9674094457054
+092.965008 +30.023499 +094.780255 +29.960592 161.931507668675
+094.258111 +29.246466 +092.965008 +30.023499 128.195184988954
+098.426934 +29.720207 +096.338372 +30.909866 379.749507861571
+097.186415 +29.318001 +096.338372 +30.909866 323.244982405830
+095.472339 +29.909005 +095.900869 +31.254363 200.607455432880
+097.511426 +29.957661 +095.281594 +31.536866 228.047710928102
+098.426934 +29.720207 +095.281594 +31.536866 216.651630023056
+095.699937 +29.772728 +098.426934 +29.720207 255.068655012681
+094.780255 +29.960592 +095.281594 +31.536866 191.793816030324
+095.699937 +29.772728 +095.281594 +31.536866 166.064596634733
+095.699937 +29.772728 +095.900869 +31.254363 145.271382102801
+093.907381 +29.808330 +095.699937 +29.772728 177.906802583888
+094.578872 +29.488383 +095.711105 +30.813386 33.7833450471993
+094.578872 +29.488383 +092.965008 +30.023499 49.2263171461878
+097.511426 +29.957661 +095.281594 +31.536866 159.340903594094
+097.511426 +29.957661 +095.900869 +31.254363 231.898676536707
+097.511426 +29.957661 +095.711105 +30.813386 184.098615131736
+097.511426 +29.957661 +096.103529 +30.729480 179.758807229702
+095.699937 +29.772728 +095.281594 +31.536866 196.649263615000
+092.965008 +30.023499 +095.472339 +29.909005 95.4769140733994
+097.511426 +29.957661 +097.962426 +31.301320 185.433647326550
+097.186415 +29.318001 +095.281594 +31.536866 421.312513122699
+097.186415 +29.318001 +095.900869 +31.254363 404.954418520386
+097.186415 +29.318001 +097.962426 +31.301320 388.284355561018
+095.699937 +29.772728 +095.900869 +31.254363 203.942194012431
+094.258111 +29.246466 +095.699937 +29.772728 169.902645920148
+094.258111 +29.246466 +092.621343 +29.874603 164.679252443336
+093.792224 +31.837849 +092.089824 +31.257604 35.2250142345189
+093.792224 +31.837849 +092.540329 +30.999138 101.663350554281
+094.135585 +31.906747 +092.089824 +31.257604 37.8400322801306
+094.135585 +31.906747 +093.250395 +30.645838 101.520997131677
+095.711105 +30.813386 +093.836307 +31.284197 39.0628334888705
+096.690945 +30.008611 +097.962426 +31.301320 185.395740942271
+097.186415 +29.318001 +097.962426 +31.301320 266.213877228732
+097.186415 +29.318001 +095.711105 +30.813386 222.884283476188
+097.186415 +29.318001 +097.261002 +30.690701 316.565629140976
+095.472339 +29.909005 +093.836307 +31.284197 95.3429679250355
+095.472339 +29.909005 +094.135585 +31.906747 242.900892632513
+094.780255 +29.960592 +092.858778 +30.752545 120.092818468073
+094.780255 +29.960592 +093.250395 +30.645838 93.3755730059899
+094.780255 +29.960592 +093.792224 +31.837849 108.501732549805
+094.780255 +29.960592 +094.135585 +31.906747 106.988624573468
+094.780255 +29.960592 +095.281594 +31.536866 117.721584523062
+094.780255 +29.960592 +095.900869 +31.254363 122.209334393257
+094.780255 +29.960592 +096.690945 +30.008611 137.189854525422
+093.907381 +29.808330 +092.540329 +30.999138 147.125484417781
+093.907381 +29.808330 +093.792224 +31.837849 157.496602568707
+093.907381 +29.808330 +094.135585 +31.906747 150.386527226664
+093.907381 +29.808330 +095.281594 +31.536866 202.190924611194
+093.907381 +29.808330 +095.711105 +30.813386 154.683308512384
+093.907381 +29.808330 +095.699937 +29.772728 208.496601813909
+093.514928 +29.897274 +092.089824 +31.257604 63.5586532812561
+093.514928 +29.897274 +093.836307 +31.284197 55.4213332296337
+093.514928 +29.897274 +093.792224 +31.837849 246.591255334326
+093.514928 +29.897274 +094.135585 +31.906747 364.156090548645
+092.965008 +30.023499 +092.089824 +31.257604 60.2316609006087
+092.965008 +30.023499 +093.792224 +31.837849 229.910637643967
+092.965008 +30.023499 +094.135585 +31.906747 249.747007194663
+092.965008 +30.023499 +094.780255 +29.960592 26.0679967669907
+092.226280 +29.040613 +092.089824 +31.257604 167.110903664105
+092.226280 +29.040613 +093.250395 +30.645838 308.125200982636
+092.226280 +29.040613 +093.792224 +31.837849 259.183930293570
+092.226280 +29.040613 +094.135585 +31.906747 341.332565148014
+092.226280 +29.040613 +094.780255 +29.960592 67.8753809888818
+092.226280 +29.040613 +093.514928 +29.897274 253.495888396083
+094.258111 +29.246466 +092.540329 +30.999138 226.196756215226
+094.258111 +29.246466 +093.250395 +30.645838 210.288414043478
+094.258111 +29.246466 +093.792224 +31.837849 210.629351747226
+094.258111 +29.246466 +094.135585 +31.906747 236.003544686852
+094.258111 +29.246466 +095.711105 +30.813386 199.107015841428
+094.578872 +29.488383 +092.858778 +30.752545 334.304140660056
+094.578872 +29.488383 +093.250395 +30.645838 249.147824180900
+094.578872 +29.488383 +093.836307 +31.284197 160.511924268191
+094.578872 +29.488383 +093.792224 +31.837849 190.751758020223
+094.578872 +29.488383 +094.135585 +31.906747 237.022681272378
+094.578872 +29.488383 +095.711105 +30.813386 189.852458244002
+097.895579 +29.641275 +096.498329 +31.192585 77.0537010935518
+097.186415 +29.318001 +095.900869 +31.254363 244.704920526151
+097.186415 +29.318001 +096.498329 +31.192585 286.972294098337
+097.186415 +29.318001 +097.261002 +30.690701 302.436483477503
+096.101903 +29.758310 +096.498329 +31.192585 69.1221059667753
+095.472339 +29.909005 +094.135585 +31.906747 198.021363936361
+094.780255 +29.960592 +093.792224 +31.837849 175.615694435703
+094.780255 +29.960592 +095.281594 +31.536866 190.131336189064
+094.780255 +29.960592 +095.900869 +31.254363 186.784805313054
+092.965008 +30.023499 +093.057940 +31.908916 179.027068352082
+092.148951 +29.706850 +093.057940 +31.908916 191.702968469136
+092.148951 +29.706850 +093.792224 +31.837849 184.412719004143
+092.148951 +29.706850 +094.135585 +31.906747 180.649048388699
+092.148951 +29.706850 +093.907381 +29.808330 204.823850001266
+093.700047 +31.480995 +092.089824 +31.257604 83.8099179125461
+096.690945 +30.008611 +095.281594 +31.536866 442.221791212243
+096.690945 +30.008611 +095.900869 +31.254363 280.947156347205
+096.690945 +30.008611 +097.962426 +31.301320 302.661108800377
+095.472339 +29.909005 +093.836307 +31.284197 366.867021363223
+095.472339 +29.909005 +095.281594 +31.536866 316.633098727388
+095.472339 +29.909005 +095.900869 +31.254363 243.748491589148
+095.472339 +29.909005 +097.261002 +30.690701 215.870746978056
+092.965008 +30.023499 +093.700047 +31.480995 322.158047328892
+092.621343 +29.874603 +093.700047 +31.480995 416.855288238923
+092.148951 +29.706850 +093.700047 +31.480995 194.133196342718
+092.148951 +29.706850 +093.836307 +31.284197 312.820769072539
+092.148951 +29.706850 +093.057940 +31.908916 230.959379667720
+092.148951 +29.706850 +094.780255 +29.960592 348.014364807617
+094.258111 +29.246466 +093.700047 +31.480995 238.780959558822
+094.258111 +29.246466 +093.057940 +31.908916 370.187317006375
+094.258111 +29.246466 +096.498329 +31.192585 477.731032609742
+094.578872 +29.488383 +093.700047 +31.480995 274.765553720219
+094.578872 +29.488383 +095.281594 +31.536866 435.187411552103
+094.578872 +29.488383 +095.900869 +31.254363 341.653565109781
+091.942980 +28.898520 +092.965008 +30.023499 207.578144857398
+097.511426 +29.957661 +095.711105 +30.813386 249.692864172488
+097.511426 +29.957661 +096.103529 +30.729480 32.3810390602221
+097.186415 +29.318001 +096.103529 +30.729480 31.0266146820799
+095.472339 +29.909005 +095.900869 +31.254363 276.095383076183
+095.472339 +29.909005 +097.261002 +30.690701 188.256798283768
+093.907381 +29.808330 +095.472339 +29.909005 61.9250457924083
+092.965008 +30.023499 +095.472339 +29.909005 157.784258348980
+094.258111 +29.246466 +092.621343 +29.874603 158.366885537684
+094.258111 +29.246466 +092.148951 +29.706850 231.361728913754
+094.578872 +29.488383 +092.621343 +29.874603 241.115512571643
+097.895579 +29.641275 +096.498329 +31.192585 201.933277699999
+097.895579 +29.641275 +097.962426 +31.301320 157.311325143877
+097.895579 +29.641275 +095.711105 +30.813386 201.145863305361
+096.101903 +29.758310 +096.498329 +31.192585 188.098180035530
+095.699937 +29.772728 +096.498329 +31.192585 167.343341780460
+095.699937 +29.772728 +097.511426 +29.957661 243.579540845405
+095.472339 +29.909005 +096.498329 +31.192585 133.359549529324
+095.472339 +29.909005 +097.303341 +30.120424 196.131107826150
+095.472339 +29.909005 +097.511426 +29.957661 239.624134068688
+097.261002 +30.690701 +095.281594 +31.536866 181.119759450893
+096.690945 +30.008611 +095.900869 +31.254363 307.404016072034
+095.699937 +29.772728 +095.281594 +31.536866 145.301064908241
+095.699937 +29.772728 +095.900869 +31.254363 173.156319302549
+095.699937 +29.772728 +097.261002 +30.690701 501.862494131701
+095.472339 +29.909005 +095.281594 +31.536866 106.371952801539
+095.472339 +29.909005 +095.900869 +31.254363 106.447547080320
+095.472339 +29.909005 +096.498329 +31.192585 121.085126494641
+093.907381 +29.808330 +095.472339 +29.909005 74.5032544820799
+093.514928 +29.897274 +095.699937 +29.772728 53.3878274329257
+093.514928 +29.897274 +095.472339 +29.909005 34.2428684211459
+092.226280 +29.040613 +093.514928 +29.897274 141.485088254025
+095.281594 +31.536866 +092.858778 +30.752545 360.070999645449
+097.962426 +31.301320 +095.281594 +31.536866 381.802270733240
+095.711105 +30.813386 +092.858778 +30.752545 354.006587573694
+097.261002 +30.690701 +092.858778 +30.752545 455.540028413181
+096.690945 +30.008611 +095.281594 +31.536866 170.889855474249
+097.186415 +29.318001 +092.089824 +31.257604 347.529407055369
+097.186415 +29.318001 +092.858778 +30.752545 323.810432789611
+097.186415 +29.318001 +093.250395 +30.645838 234.982449171961
+097.186415 +29.318001 +092.401614 +31.678608 306.618067378675
+097.186415 +29.318001 +093.836307 +31.284197 151.866129456671
+097.186415 +29.318001 +093.057940 +31.908916 279.406991536618
+097.186415 +29.318001 +093.792224 +31.837849 187.855525338428
+097.186415 +29.318001 +094.705669 +31.585788 133.054514799048
+097.186415 +29.318001 +095.281594 +31.536866 104.171281940121
+097.186415 +29.318001 +095.900869 +31.254363 81.7019947393869
+097.186415 +29.318001 +096.498329 +31.192585 63.3230130056662
+097.186415 +29.318001 +097.962426 +31.301320 116.471209647584
+097.186415 +29.318001 +095.711105 +30.813386 70.9153799569732
+096.755735 +29.506282 +093.792224 +31.837849 343.747068444903
+096.755735 +29.506282 +095.281594 +31.536866 119.941796727328
+096.755735 +29.506282 +095.900869 +31.254363 91.2459313218633
+096.101903 +29.758310 +093.792224 +31.837849 189.978805174577
+096.101903 +29.758310 +095.281594 +31.536866 78.8488760406906
+096.101903 +29.758310 +095.900869 +31.254363 66.2086662210306
+095.699937 +29.772728 +097.511426 +29.957661 115.860606976785
+095.472339 +29.909005 +092.089824 +31.257604 336.234638404061
+095.472339 +29.909005 +092.858778 +30.752545 138.698772585527
+095.472339 +29.909005 +093.057940 +31.908916 346.279078586414
+095.472339 +29.909005 +093.792224 +31.837849 161.606371322105
+095.472339 +29.909005 +095.281594 +31.536866 370.946002784943
+095.472339 +29.909005 +095.900869 +31.254363 193.533936577761
+095.472339 +29.909005 +097.186415 +29.318001 116.969700767674
+094.780255 +29.960592 +092.858778 +30.752545 431.761040107305
+094.780255 +29.960592 +097.186415 +29.318001 236.445394593617
+093.907381 +29.808330 +095.281594 +31.536866 237.271422599457
+093.907381 +29.808330 +097.186415 +29.318001 348.367948155397
+093.907381 +29.808330 +095.699937 +29.772728 396.769782003845
+093.907381 +29.808330 +095.472339 +29.909005 59.9924982525707
+093.514928 +29.897274 +097.186415 +29.318001 385.851151795007
+092.621343 +29.874603 +092.089824 +31.257604 263.280051069187
+092.621343 +29.874603 +092.401614 +31.678608 166.911608043005
+092.621343 +29.874603 +093.057940 +31.908916 282.306562787044
+092.621343 +29.874603 +093.792224 +31.837849 454.715862154265
+092.621343 +29.874603 +097.186415 +29.318001 345.132298924856
+092.621343 +29.874603 +096.755735 +29.506282 433.582005594270
+092.621343 +29.874603 +096.101903 +29.758310 308.163745548683
+092.621343 +29.874603 +095.699937 +29.772728 552.043444385062
+092.621343 +29.874603 +095.472339 +29.909005 229.552644863731
+092.148951 +29.706850 +094.705669 +31.585788 227.913112668517
+092.148951 +29.706850 +095.281594 +31.536866 270.302222080083
+092.148951 +29.706850 +096.498329 +31.192585 253.784708941365
+092.148951 +29.706850 +097.511426 +29.957661 358.216057473514
+092.148951 +29.706850 +095.472339 +29.909005 96.2893775620420
+092.148951 +29.706850 +094.780255 +29.960592 244.610306329759
+092.148951 +29.706850 +093.907381 +29.808330 171.172004923159
+091.759148 +29.190276 +092.858778 +30.752545 296.457054351161
+091.759148 +29.190276 +097.186415 +29.318001 523.370357329238
+091.759148 +29.190276 +096.101903 +29.758310 496.162569665113
+091.759148 +29.190276 +095.472339 +29.909005 177.326552435960
+091.942980 +28.898520 +092.858778 +30.752545 210.896152972074
+091.942980 +28.898520 +093.250395 +30.645838 247.854720926327
+091.942980 +28.898520 +097.186415 +29.318001 443.760761987137
+091.942980 +28.898520 +096.755735 +29.506282 490.396640262256
+091.942980 +28.898520 +096.101903 +29.758310 403.796302157716
+091.942980 +28.898520 +095.472339 +29.909005 213.486487567381
+092.226280 +29.040613 +097.186415 +29.318001 620.908135163349
+092.226280 +29.040613 +096.101903 +29.758310 637.704600124240
+092.226280 +29.040613 +095.472339 +29.909005 176.118735663430
+093.781818 +29.116721 +092.858778 +30.752545 199.905726316423
+093.781818 +29.116721 +097.186415 +29.318001 315.116033377687
+093.781818 +29.116721 +096.755735 +29.506282 468.822154139201
+093.781818 +29.116721 +096.101903 +29.758310 268.240446490523
+093.781818 +29.116721 +095.472339 +29.909005 74.0759661967674
+094.578872 +29.488383 +096.690945 +30.008611 250.368718819298
+094.578872 +29.488383 +097.186415 +29.318001 193.535632249033
+094.578872 +29.488383 +096.755735 +29.506282 201.847113812961
+094.578872 +29.488383 +096.101903 +29.758310 135.610947777224
+094.578872 +29.488383 +092.148951 +29.706850 284.828666797101
+093.781818 +29.116721 +092.148951 +29.706850 154.924901665172
+093.781818 +29.116721 +091.759148 +29.190276 222.730774476467
+093.781818 +29.116721 +092.226280 +29.040613 267.261153883288
+097.962426 +31.301320 +093.250395 +30.645838 381.634762750463
+095.711105 +30.813386 +093.250395 +30.645838 457.286681962532
+096.698771 +30.807133 +093.250395 +30.645838 405.437418094775
+097.511426 +29.957661 +095.900869 +31.254363 282.607175918762
+096.755735 +29.506282 +093.836307 +31.284197 162.178113022285
+096.755735 +29.506282 +093.792224 +31.837849 154.409663784289
+096.755735 +29.506282 +096.498329 +31.192585 128.116369095360
+096.755735 +29.506282 +097.962426 +31.301320 69.7170814858549
+096.755735 +29.506282 +095.711105 +30.813386 107.691365269478
+093.907381 +29.808330 +097.511426 +29.957661 134.826702634322
+092.148951 +29.706850 +097.511426 +29.957661 156.064599239930
+091.759148 +29.190276 +096.698771 +30.807133 259.838213947025
+092.226280 +29.040613 +093.250395 +30.645838 212.854887042568
+092.226280 +29.040613 +096.755735 +29.506282 393.552245439230
+094.135585 +31.906747 +092.089824 +31.257604 100.460177823696
+094.135585 +31.906747 +092.858778 +30.752545 115.996266356360
+096.698771 +30.807133 +095.281594 +31.536866 184.398393537782
+097.261002 +30.690701 +092.089824 +31.257604 132.515169062973
+097.261002 +30.690701 +093.250395 +30.645838 97.3439894446849
+097.261002 +30.690701 +093.836307 +31.284197 91.7179671462859
+097.261002 +30.690701 +093.057940 +31.908916 269.780781122801
+097.261002 +30.690701 +093.792224 +31.837849 96.2114693550784
+097.261002 +30.690701 +094.135585 +31.906747 163.717503186774
+097.136693 +30.502244 +095.281594 +31.536866 192.579226738998
+097.895579 +29.641275 +096.498329 +31.192585 446.345842180368
+098.426934 +29.720207 +097.136693 +30.502244 104.435494265904
+096.690945 +30.008611 +093.836307 +31.284197 148.000550054083
+096.690945 +30.008611 +093.057940 +31.908916 359.785863710185
+096.690945 +30.008611 +093.792224 +31.837849 154.773057926880
+097.186415 +29.318001 +096.698771 +30.807133 87.2820265875850
+096.755735 +29.506282 +093.836307 +31.284197 208.716172262721
+096.755735 +29.506282 +093.792224 +31.837849 215.730974405340
+096.101903 +29.758310 +092.089824 +31.257604 124.415877283879
+096.101903 +29.758310 +093.836307 +31.284197 89.3315522304800
+096.101903 +29.758310 +093.057940 +31.908916 184.378624709024
+096.101903 +29.758310 +093.792224 +31.837849 97.7366288382956
+096.101903 +29.758310 +097.895579 +29.641275 213.138973950134
+096.101903 +29.758310 +098.426934 +29.720207 74.2781841363873
+095.699937 +29.772728 +096.498329 +31.192585 199.554832700261
+095.472339 +29.909005 +097.261002 +30.690701 171.174907519539
+093.514928 +29.897274 +094.135585 +31.906747 240.931526420228
+093.514928 +29.897274 +097.261002 +30.690701 246.644341152170
+093.514928 +29.897274 +096.101903 +29.758310 202.069675317850
+092.226280 +29.040613 +092.858778 +30.752545 456.307395648688
+092.226280 +29.040613 +097.511426 +29.957661 436.999201052512
+092.226280 +29.040613 +096.690945 +30.008611 320.842742607033
+092.226280 +29.040613 +097.186415 +29.318001 385.787933978802
+092.226280 +29.040613 +096.755735 +29.506282 356.620981862135
+092.226280 +29.040613 +096.101903 +29.758310 229.146236233326
+092.226280 +29.040613 +093.907381 +29.808330 160.607078536045
+094.578872 +29.488383 +095.281594 +31.536866 245.797592271237
+094.578872 +29.488383 +096.101903 +29.758310 266.103902080569
+093.907381 +29.808330 +096.103529 +30.729480 99.6862238667910
+093.907381 +29.808330 +096.101903 +29.758310 129.030862140321
+093.907381 +29.808330 +095.699937 +29.772728 213.016725737257
+093.514928 +29.897274 +096.103529 +30.729480 120.962004877802
+093.514928 +29.897274 +096.101903 +29.758310 150.496928411364
+092.621343 +29.874603 +096.103529 +30.729480 108.455976968390
+092.621343 +29.874603 +096.101903 +29.758310 135.999782943973
+092.621343 +29.874603 +095.699937 +29.772728 138.532943574480
+092.621343 +29.874603 +094.780255 +29.960592 94.4098227715009
+093.781818 +29.116721 +096.103529 +30.729480 91.3939968536863
+093.781818 +29.116721 +097.261002 +30.690701 167.113739626796
+093.781818 +29.116721 +096.690945 +30.008611 155.873101783878
+093.781818 +29.116721 +096.101903 +29.758310 99.6541327329671
+093.781818 +29.116721 +095.699937 +29.772728 84.7389554548120
+093.781818 +29.116721 +092.226280 +29.040613 89.6197411260743
+094.578872 +29.488383 +097.261002 +30.690701 112.218778773890
+094.578872 +29.488383 +097.511426 +29.957661 273.665749045859
+094.578872 +29.488383 +097.895579 +29.641275 111.721296692336
+094.705669 +31.585788 +092.089824 +31.257604 394.860034881459
+097.547941 +31.271446 +095.281594 +31.536866 432.934294344732
+097.547941 +31.271446 +095.900869 +31.254363 313.229040641291
+097.303341 +30.120424 +094.135585 +31.906747 222.309512235817
+097.303341 +30.120424 +094.705669 +31.585788 136.200883221828
+096.755735 +29.506282 +094.135585 +31.906747 218.332347882646
+096.755735 +29.506282 +094.705669 +31.585788 167.943285403869
+096.755735 +29.506282 +096.498329 +31.192585 102.216076895743
+096.755735 +29.506282 +097.018098 +31.183259 202.501373379456
+096.755735 +29.506282 +097.547941 +31.271446 92.0846278017954
+092.148951 +29.706850 +094.135585 +31.906747 201.333877442168
+092.148951 +29.706850 +094.705669 +31.585788 191.434002214559
+091.759148 +29.190276 +092.401614 +31.678608 226.422418791090
+091.942980 +28.898520 +094.135585 +31.906747 201.993612344126
+091.942980 +28.898520 +092.965008 +30.023499 140.876533857583
+094.258111 +29.246466 +092.401614 +31.678608 154.829026083452
+094.258111 +29.246466 +093.057940 +31.908916 357.778425782749
+094.258111 +29.246466 +094.135585 +31.906747 153.833085853373
+094.258111 +29.246466 +097.018098 +31.183259 224.856294626257
+094.258111 +29.246466 +097.261002 +30.690701 124.457415869958
+094.258111 +29.246466 +096.690945 +30.008611 176.147914583821
+094.414760 +29.483097 +097.547941 +31.271446 282.132892738807
+094.414760 +29.483097 +097.261002 +30.690701 262.760760489594
